B_lineAgent,30,-4.468,1.9984782089167608
RedMeanderAgent,30,-10.832999999999998,1.9673113991979356
B_lineAgent,50,-8.054999999999996,3.29730146782137
RedMeanderAgent,50,-18.648999999999994,2.9108468343300555
B_lineAgent,100,-18.757,7.316209414855516
RedMeanderAgent,100,-34.69900000000003,4.604268879984301
Total,-95.46100000000001

B_lineAgent,30,-5.681999999999999,2.48365891703382
RedMeanderAgent,30,-9.842999999999998,1.8442515111458178
B_lineAgent,50,-10.401999999999992,3.3127235583032535
RedMeanderAgent,50,-18.30099999999999,3.0502689068409072
B_lineAgent,100,-22.684000000000015,7.628319380155557
RedMeanderAgent,100,-37.91700000000001,6.619775317374852
Total,-104.82900000000001

B_lineAgent,30,-4.737,2.735758532377216
RedMeanderAgent,30,-8.938999999999998,1.6825842917934002
B_lineAgent,50,-9.966999999999997,4.932843034603922
RedMeanderAgent,50,-14.561999999999996,2.7542723470303674
B_lineAgent,100,-23.386000000000006,12.330974549212813
RedMeanderAgent,100,-24.32200000000002,4.874497228671225
Total,-85.91300000000001

B_lineAgent,30,-5.887999999999999,2.323280508942542
RedMeanderAgent,30,-8.645,1.6492039708216013
B_lineAgent,50,-10.285999999999994,4.232677591780361
RedMeanderAgent,50,-13.122999999999998,2.725519318507127
B_lineAgent,100,-22.167000000000012,7.535358470088044
RedMeanderAgent,100,-24.770000000000003,5.707791945129827
Total,-84.87900000000002

B_lineAgent,30,-4.637999999999999,2.117735592656466
RedMeanderAgent,30,-8.450999999999999,1.8392189273238415
B_lineAgent,50,-7.513999999999996,3.0766313731190804
RedMeanderAgent,50,-12.446,2.698462712379218
B_lineAgent,100,-19.143000000000004,7.8136794705623345
RedMeanderAgent,100,-19.219000000000005,3.708186275599636
Total,-71.411

