gcn
B_lineAgent,30,-5.520999999999999,2.2452776481254406
RedMeanderAgent,30,-8.136,1.8685336983362595
B_lineAgent,50,-10.717999999999993,3.871975978721714
RedMeanderAgent,50,-12.540999999999999,2.9028406498435
B_lineAgent,100,-21.709000000000014,6.844463883941986
RedMeanderAgent,100,-21.698000000000004,4.4652186707683
Total,-80.32300000000001

sage
B_lineAgent,30,-5.457999999999998,2.5993853197254215
RedMeanderAgent,30,-9.562999999999999,1.9439444956120022
B_lineAgent,50,-8.726999999999993,2.813562212433254
RedMeanderAgent,50,-15.068999999999999,3.5825529805692837
B_lineAgent,100,-19.232000000000006,5.589725061452178
RedMeanderAgent,100,-26.18000000000001,6.8580410667133975
Total,-84.22900000000001

gat
B_lineAgent,30,-5.164,3.58989941053754
RedMeanderAgent,30,-9.404,1.6113185516053223
B_lineAgent,50,-9.372999999999994,6.254579816971619
RedMeanderAgent,50,-14.281999999999998,2.8243307958602233
B_lineAgent,100,-16.93699999999999,10.692748935516054
RedMeanderAgent,100,-22.434000000000008,4.104597570057422
Total,-77.594

gin
B_lineAgent,30,-5.808999999999998,3.1738226959063893
RedMeanderAgent,30,-8.003,1.2828672904273786
B_lineAgent,50,-9.953999999999994,3.2743700142010495
RedMeanderAgent,50,-12.801999999999998,2.7174326862022538
B_lineAgent,100,-22.692000000000018,7.015245735344771
RedMeanderAgent,100,-22.17900000000001,5.575619637621855
Total,-81.43900000000002
